156
170
1678
1647
6905
6915
1679
1648
265
239
994
956
6479
6504
8448
8482
7126
7109
878
843
4833
4832
1615
8720
8705
844
879
326
359
390
416
813
877
842
993
955
916
7677
7698
4508
4483
4455
4432
7656
4498
4497
5506
5478
917
418
392
218
200
325
295
3316
3338
8736
8750
4834
1176
1177
327
360
7508
8415
391
417
1677
1646
1864
1865
10725
10694
10312
10303
5893
5894
9291
9311
386
157
171
387
7540
915
6762
6738
1833
1832
1616
9577
9602
1863
414
388
82
86
389
415
4777
4778
5850
5849
6739
6764
8719
8735
814
812
4291
4316
8687
1800
1801
1614
954
7136
7137
4391
4368
1593
1623
10022
10041
1583
296
10667
1799
5633
5632
10250
10249
2427
2404
822
852
2428
2454
3430
3429
4340
4365
10042
10023
12255
12230
10412
10383
361
7719
8473
8439
736
760
4438
4417
781
10382
10411
8386
9312
845
815
11876
11849
5839
5840
7631
9885
9886
11500
11474
11446
816
846
9419
9387
8587
8611
1114
1115
358
151
165
2249
2250
9309
9332
9587
9563
2502
2477
4409
4431
12279
9624
2407
2431
4457
66
72
12891
12914
6706
7622
11337
11311
2583
2582
5477
5505
2244
2260
12913
78
2604
2605
4472
1766
1765
7605
7632
4410
3339
254
228
2572
2571
3137
3127
1530
1555
3634
3633
6615
6588
8599
8622
11362
11393
7108
7125
4822
4851
9645
229
255
7478
7448
995
1030
7697
7676
4364
4339
8394
8424
880
10251
7608
7576
47
48
5339
5315
5592
5570
185
10755
6587
6614
9365
9364
8481
8447
4488
4462
12890
3517
3516
3551
3552
256
230
10313
77
6906
5429
5430
7657
7678
5841
4342
4367
2256
2271
5452
1584
1585
4437
4416
7163
7162
5360
581
563
10505
10535
767
797
4456
8385
1031
996
7144
12204
12179
1089
1088
914
876
4509
4486
9395
5612
5593
3407
11878
11902
3431
3408
8573
8547
1883
1884
9396
761
737
6552
6522
11240
11239
847
817
5410
10474
413
11306
11332
3116
3126
4418
4439
8449
8483
4823
4852
5453
5479
12203
6757
5710
1768
1769
4850
4821
1273
1274
11305
11304
4003
4002
2503
4136
4116
10980
10959
8704
9959
9958
1554
1553
4485
4458
8357
12881
12880
5831
5832
252
226
12306
6186
6185
731
754
8516
5533
5558
5934
5909
12187
12165
40
41
883
848
9903
9904
10403
10374
9601
9623
7386
7412
9015
8992
4712
4711
2637
2636
1802
5454
5735
5736
1220
1235
5263
5264
8574
8548
3317
190
49
10301
10300
1866
2610
2609
10417
10448
4155
4181
10355
10354
9107
9082
207
2241
2240
7385
7411
5842
208
1711
746
772
4713
3117
7509
7541
11198
11199
6893
5531
57
65
2654
2655
11219
11220
3135
3125
1885
297
270
10506
10536
4510
4487
4826
4857
9252
9251
6714
10002
4525
4524
2473
2499
3287
3269
4390
8600
8623
1033
1034
4366
4341
58
1392
1400
3319
3300
71
8395
8425
11365
447
5896
5872
6763
6788
11472
11444
59
67
9780
9803
1396
1406
1913
1932
918
698
689
823
789
12525
12545
4369
4392
9336
9335
7507
7539
2524
2500
8339
8365
81
76
465
487
9384
9416
7573
236
215
205
10981
11002
12170
12194
799
833
5289
11613
11588
6253
6252
7575
7607
2472
7648
7486
7517
9556
9528
4815
4785
6916
5603
5580
10266
10267
1707
1736
12195
12171
9014
8991
1685
1653
4453
4430
9806
9829
1395
4317
2946
2923
6582
3124
3134
278
277
6561
3472
3473
12997
12996
957
9576
7518
7550
12136
12146
1592
1562
1113
696
695
11460
11489
4735
4734
10432
10464
1906
1907
5556
4758
4759
2676
2675
4292
8416
10590
10563
6731
5859
5858
8405
8437
10807
10782
6026
6008
2528
2527
5709
7900
7901
2823
2843
8472
8438
603
619
5833
7679
8634
4440
4419
5530
4115
4097
1892
1914
11635
11636
4139
4138
9310
5262
5261
1803
11001
11021
3136
6531
6503
7542
7574
2333
2354
4858
4827
10562
4649
5773
4363
12428
12427
6012
6013
1588
1618
9347
9346
2805
1933
1983
1998
4723
4722
4606
9527
9496
9821
9798
1831
10640
10615
241
10252
3236
3216
4717
4718
8423
8455
4344
4343
3406
3383
9783
2806
2824
73
3299
1470
1446
186
4433
9603
9578
2446
2447
7393
856
891
9545
9571
5869
5868
5852
5851
4790
4762
235
214
10401
2265
2281
10844
10843
3213
3214
11925
11952
539
538
6184
4665
4666
2611
5532
5507
6478
12976
12977
12892
12869
444
445
3733
3732
8440
8474
783
5977
5976
4648
9270
9269
3826
3803
7604
2406
2429
890
855
11801
11779
2884
2885
7335
7345
1064
5987
5964
167
181
6553
6523
782
3701
3729
5557
5555
2421
2422
7623
7649
12589
12613
9659
9638
2420
9049
9050
3705
3704
8612
8613
7439
10328
10351
8517
2585
2584
160
159
9344
9318
2399
2886
2906
11241
10823
10824
10062
7436
7466
555
554
11877
11901
2523
3192
3191
4607
2263
158
172
9224
9204
5062
5035
7826
7825
9083
9108
2299
11780
11758
6898
6897
6756
5286
5287
1483
1458
5876
5877
4757
4756
3101
2459
2485
5767
5751
12939
12940
3115
11516
4791
4820
8094
8115
9868
9869
5754
5755
4789
4761
881
5578
5601
1195
1194
11394
11363
5975
3138
3151
5756
3802
3825
1630
1600
4784
1063
2457
2484
5256
5279
4714
4715
12707
12730
206
549
550
5683
6732
2905
4806
4805
12868
9428
1529
8110
8089
7633
10557
10556
11404
11432
419
393
1586
1571
1602
7419
12670
12694
1645
2383
5581
6288
6309
9526
9554
12547
12527
10299
11689
11712
324
294
4835
5861
5860
1390
12397
12398
6291
6290
446
7655
3128
12156
12178
7477
7447
9544
798
832
6640
6639
3150
3194
11473
11445
699
708
6097
5013
276
304
5774
4650
5577
5600
1834
5455
10232
10231
7138
5241
6385
6404
9980
9735
9756
3363
3362
938
900
9317
10317
3341
11924
11900
2290
2273
7813
5508
8356
7850
7849
4808
4807
4423
4422
1886
46
154
168
2653
3179
3178
2628
2627
10265
5857
306
10808
10831
1675
11826
4388
4631
5757
6314
6315
6707
2557
2577
7899
3270
3288
9406
9438
3474
3449
6913
6912
5653
5675
9570
8674
8675
7611
7579
759
5497
5498
4338
2445
189
3902
3923
75
80
5064
5063
10666
11565
11541
8648
8669
1767
85
10350
10327
2608
894
932
11041
1599
1568
227
565
7227
7226
1676
305
9427
9372
9343
11850
7629
7654
12231
8507
337
338
5979
5978
8614
11218
2479
2504
9495
8454
8422
2511
10616
10641
5431
1835
4733
4630
12169
7145
7127
12578
12556
2510
5129
5130
4434
922
884
5688
5666
5834
7058
7057
10302
553
4480
4505
11238
5586
5608
5288
929
5772
12326
12304
4452
12361
12360
5036
5853
5504
5529
9960
7183
9288
9287
12867
2665
2640
6564
6563
4776
8050
10693
9353
7572
2788
4357
4329
3361
5131
1547
1546
8700
6641
7859
9552
9524
4461
7422
7421
5470
5469
1982
1968
4135
930
892
6310
6289
12237
12210
8266
8265
1060
1061
10435
10467
2774
926
965
2603
10389
10418
9313
9339
9219
9218
6694
6673
9998
9997
10724
919
3313
3334
6471
6496
3734
3754
3728
10453
10422
6680
6679
10754
7872
7873
1931
1930
7469
552
287
7570
7538
11334
4389
5825
5826
10548
9564
9177
9176
8610
8586
9646
9668
216
237
1561
1591
3256
11020
11000
4376
4353
1891
1747
1716
2689
2688
1888
1889
1601
1570
3657
3658
888
4015
4016
10546
10519
2474
11501
11475
11421
11422
9199
9198
253
10561
10588
4961
4960
4190
4215
10016
10017
7410
7438
10979
10958
10589
808
778
6495
2401
2424
8508
5559
5534
6698
6720
192
213
9634
463
462
17
25
448
9625
11338
11366
9820
9797
8392
3331
3332
1661
6537
6567
6021
6020
6709
6734
7370
3148
396
395
1207
4828
4800
2674
7300
7320
9450
9417
8848
8849
10677
10676
6532
6562
7630
7603
8353
8382
7389
7415
7555
7556
882
1919
1918
11302
11303
747
11022
8058
8057
8375
11690
4180
4154
6787
5974
5973
10035
10036
8836
8837
1650
1619
4459
4460
5926
5927
4831
11312
11
16
8677
8657
945
984
1087
1840
1841
7355
7354
29
28
1735
11293
11288
8063
8064
7390
7418
7446
12193
11589
1939
1929
6216
9736
9757
3846
12539
12540
8109
8088
4402
4424
958
1153
1152
87
93
7474
7473
11564
11540
3677
9784
9807
308
309
9293
12936
12935
5428
5409
332
365
4798
3694
3668
6613
8045
8044
11295
2825
2807
4804
3497
8665
8686
5988
5965
2245
5528
5503
3419
3420
6022
307
6432
6439
9507
9535
582
275
5432
12554
12534
4746
4747
10268
10269
11269
11268
8457
2094
2104
8404
8374
2298
2280
6001
6002
1660
8519
8484
7519
7488
11361
9292
10581
10582
4290
9356
7855
7856
1471
1447
6765
570
571
209
10583
12243
12216
6583
4647
21
22
10454
10423
2374
2373
8748
8763
1499
1475
5509
4162
4163
44
1357
1358
786
758
1617
11085
11112
5242
12893
60
12416
12415
2398
4414
1743
1742
8643
8642
70
707
2449
2476
11759
5676
7699
11374
2320
2341
12661
12685
7110
11325
3354
4760
4788
12172
4156
4182
5480
1206
9919
9920
7729
7747
9418
9386
107
106
9360
9331
11376
11375
8545
8514
12213
12240
4114
4134
4254
4255
3333
8761
8773
3301
3320
8414
2423
7440
6554
5959
5911
5938
177
11344
11318
2661
2660
12320
12343
1219
854
889
6019
1538
1514
2544
2545
6535
6536
10442
8598
8621
7658
7522
7491
5898
5899
3311
280
281
5830
2460
2461
738
718
1622
1569
9205
9183
8366
8393
9016
9017
8951
8930
3599
3598
1517
1493
8426
8396
7669
7668
3827
3848
188
5422
5445
108
11287
6210
6211
2606
5822
5823
5848
12729
12706
4628
9707
9708
4471
4481
173
36
9573
9572
3359
3336
6896
2376
2355
8637
8636
2501
2525
150
164
6454
6455
5780
5781
928
169
183
4678
4677
9494
9525
12705
12728
4164
4581
11042
3693
3667
12277
79
74
10690
10720
1912
9598
9597
7812
3318
4783
4782
8645
8666
7458
1523
1522
12960
12938
10388
9796
9819
4699
4698
6312
6313
1940
5622
5602
3152
3139
3506
3507
11003
10982
4415
2633
2658
9297
1221
6804
6823
11542
11517
5654
9077
9099
5708
6786
6806
9714
9692
4764
4737
4387
4412
1035
1000
5837
5836
12819
12818
5771
12528
12548
9337
9366
921
960
9005
9006
9981
10555
10554
12238
12211
5553
901
7865
7864
3744
3745
11661
11660
830
860
9546
10783
11756
11755
6890
6875
10161
10135
5037
8307
8306
4393
5643
198
7690
7691
258
12487
12506
6642
8025
8026
8839
8851
6696
6675
8408
8407
8644
12915
1394
745
744
8268
8267
7905
7904
6287
6269
7468
3342
4553
4552
6114
6113
3353
12395
12394
7824
4693
4676
4375
4398
9826
9250
4435
6921
6920
12006
12007
12214
12241
3717
3718
3505
2272
2257
4385
4386
4603
4602
9500
9466
8205
8206
11713
10340
10339
1180
1179
6308
9328
9357
970
969
7803
5481
2400
4629
11584
11585
2397
1908
8832
8817
8609
8585
6100
5016
109
8762
3869
3847
8354
8383
10668
10642
234
259
1910
1911
564
583
279
5282
5259
4799
11084
11111
8597
8572
5482
433
434
962
923
861
831
788
11662
7874
11340
11314
5679
5680
7449
2450
4326
4351
4681
4682
849
3678
5306
566
4803
1641
1672
174
7190
7191
8131
10609
10608
363
329
3463
3464
6009
4178
4152
2498
6702
6117
6116
5222
5203
6881
6880
12684
12660
8533
8499
12693
12715
9553
11255
11254
12485
12969
9557
9635
8676
3447
7587
7588
9279
9278
6783
8024
375
347
5579
5015
5038
859
829
4861
4862
1257
176
191
4160
4161
2664
12612
6883
9713
8512
8511
6270
6754
6755
9076
9098
7096
4411
